1   0
2   1
3   1
4   2
5   3
6   5
7   8
8   13
9   21
10  34
11  55
12  89
13  144
14  233
15  377
16  610
17  987
18  1597
19  2584
20  4181
21  6765
22  10946
23  17711
24  28657
25  46368
26  75025
27  121393
28  196418
29  317811
30  514229
31  832040
32  1346269
33  2178309
34  3524578
35  5702887
36  9227465
37  14930352
38  24157817
39  39088169
40  63245986
41  102334155
42  165580141
43  267914296
44  433494437
45  701408733
46  1134903170
47  1836311903
48  2971215073
49  4807526976
50  7778742049
51  12586269025
52  20365011074
53  32951280099
54  53316291173
55  86267571272
56  225851433717
57  312119004989
58  537970438706
59  850089443695
60  1388059882401
61  2238149326096
62  3626209208497
63  5864358534593
64  9490567743090
65  15354926277683
66  24845494020773
67  40200420298456
68  65045914319229
69  105246334617685
70  170292248936914
71  275538583554599
72  445830832491513
73  721369416046112
74  1167200248537625
75  1888569664583737
76  3055769913121362
77  4944339577705099
78  8000109490826461
79  12944449068531560
80  20944558559358021
81  33889007627889581
82  54833566187247602
83  88722573815137183
84  143556140002384785
85  232278713817521968
86  375834853819906753
87  608113567637428721
88  983948421457335474
89  1592061989094764195
90  2576010410552099669
91  4168072399646863864
92  6744082810198963533
93  10912155209845827397
94  17656238020044790930
95  28568393229890618327
96  46224631249935409257
97  74793024479826027584
98  121017655729761436841
99  195810680209587464425
100  316828335939348901266